Data_Preparation:
  test_size: 0.25
  random_state: 25

Train:
  Random_Forest:
    n_estimators: 394
    criterion: 'squared_error'
    max_depth: 30
    max_features: 1
    min_samples_split: 6
    min_samples_leaf: 7
    max_samples: 0.7828725860426314
    verbose: 1
    n_jobs: -1
  
  LightGBM:
    n_estimators: 54
    max_depth: 28
    learning_rate: 0.39843399662939105
    subsample: 0.8076706502855832
    min_child_weight: 20
    min_split_gain: 0.017006614993312772 
    reg_lambda: 51.69604894600594
    n_jobs: -1





